INSERT INTO listalog VALUES(NULL,1,1,27),
(NULL,2,1,22),
(NULL,3,1,13),
(NULL,4,1,24),
(NULL,1,2,21),
(NULL,2,2,6),
(NULL,3,2,24),
(NULL,4,2,7),
(NULL,5,2,10),
(NULL,6,2,22),
(NULL,7,2,12),
(NULL,8,2,22),
(NULL,1,3,10),
(NULL,2,3,9),
(NULL,3,3,18),
(NULL,4,3,5),
(NULL,5,3,6),
(NULL,6,3,18),
(NULL,1,4,7),
(NULL,2,4,27),
(NULL,3,4,26),
(NULL,1,5,9),
(NULL,2,5,15),
(NULL,3,5,10),
(NULL,4,5,24),
(NULL,5,5,26),
(NULL,6,5,20),
(NULL,7,5,9),
(NULL,8,5,10),
(NULL,9,5,20),
(NULL,1,6,22),
(NULL,2,6,10),
(NULL,3,6,10),
(NULL,4,6,13),
(NULL,5,6,15),
(NULL,6,6,18),
(NULL,1,7,12),
(NULL,2,7,19),
(NULL,3,7,26),
(NULL,4,7,30),
(NULL,5,7,5),
(NULL,6,7,6),
(NULL,7,7,8),
(NULL,8,7,8),
(NULL,9,7,30),
(NULL,1,8,10),
(NULL,2,8,22),
(NULL,3,8,6),
(NULL,4,8,17),
(NULL,5,8,16),
(NULL,1,9,9),
(NULL,2,9,23),
(NULL,3,9,18),
(NULL,4,9,3),
(NULL,5,9,20),
(NULL,1,10,29),
(NULL,2,10,20),
(NULL,3,10,18),
(NULL,1,11,21),
(NULL,2,11,4),
(NULL,3,11,23),
(NULL,4,11,26),
(NULL,5,11,11),
(NULL,6,11,13),
(NULL,7,11,19),
(NULL,8,11,22),
(NULL,9,11,29),
(NULL,10,11,23),
(NULL,1,12,12),
(NULL,2,12,2),
(NULL,3,12,10),
(NULL,1,13,12),
(NULL,2,13,23),
(NULL,3,13,12),
(NULL,4,13,17),
(NULL,5,13,22),
(NULL,6,13,15),
(NULL,7,13,8),
(NULL,8,13,25),
(NULL,9,13,18),
(NULL,1,14,22),
(NULL,2,14,16),
(NULL,3,14,26),
(NULL,4,14,1),
(NULL,5,14,2),
(NULL,6,14,12),
(NULL,7,14,20),
(NULL,8,14,6),
(NULL,9,14,21),
(NULL,1,15,13),
(NULL,2,15,7),
(NULL,3,15,13),
(NULL,4,15,7),
(NULL,5,15,4),
(NULL,6,15,6),
(NULL,7,15,7),
(NULL,8,15,15),
(NULL,9,15,23),
(NULL,10,15,20),
(NULL,1,16,3),
(NULL,2,16,16),
(NULL,3,16,5),
(NULL,4,16,7),
(NULL,1,17,17),
(NULL,2,17,24),
(NULL,3,17,28),
(NULL,4,17,2),
(NULL,5,17,15),
(NULL,1,18,12),
(NULL,2,18,23),
(NULL,3,18,16),
(NULL,1,19,23),
(NULL,2,19,14),
(NULL,3,19,6),
(NULL,4,19,16),
(NULL,5,19,16),
(NULL,6,19,2),
(NULL,1,20,21),
(NULL,2,20,1),
(NULL,3,20,2),
(NULL,4,20,18),
(NULL,5,20,9),
(NULL,6,20,13),
(NULL,1,21,8),
(NULL,2,21,24),
(NULL,3,21,16),
(NULL,4,21,1),
(NULL,5,21,12),
(NULL,6,21,17),
(NULL,1,22,19),
(NULL,2,22,13),
(NULL,3,22,10),
(NULL,4,22,22),
(NULL,5,22,1),
(NULL,6,22,14),
(NULL,7,22,6),
(NULL,8,22,3),
(NULL,1,23,24),
(NULL,2,23,28),
(NULL,3,23,26),
(NULL,4,23,17),
(NULL,1,24,5),
(NULL,2,24,1),
(NULL,3,24,13),
(NULL,4,24,7),
(NULL,1,25,27),
(NULL,2,25,8),
(NULL,3,25,11),
(NULL,4,25,23),
(NULL,5,25,18),
(NULL,6,25,29),
(NULL,1,26,12),
(NULL,2,26,2),
(NULL,3,26,25),
(NULL,4,26,15),
(NULL,5,26,1),
(NULL,6,26,13),
(NULL,7,26,15),
(NULL,8,26,8),
(NULL,9,26,14),
(NULL,10,26,17),
(NULL,1,27,15),
(NULL,2,27,13),
(NULL,3,27,19),
(NULL,1,28,10),
(NULL,2,28,18),
(NULL,3,28,12),
(NULL,4,28,24),
(NULL,5,28,7),
(NULL,6,28,22),
(NULL,7,28,11),
(NULL,8,28,24),
(NULL,9,28,8),
(NULL,10,28,21),
(NULL,1,29,27),
(NULL,2,29,21),
(NULL,3,29,8),
(NULL,4,29,14),
(NULL,1,30,19),
(NULL,2,30,21),
(NULL,3,30,6),
(NULL,1,31,19),
(NULL,2,31,11),
(NULL,3,31,29),
(NULL,4,31,19),
(NULL,5,31,28),
(NULL,6,31,15),
(NULL,7,31,18),
(NULL,8,31,12),
(NULL,9,31,4),
(NULL,1,32,2),
(NULL,2,32,23),
(NULL,3,32,2),
(NULL,4,32,21),
(NULL,5,32,11),
(NULL,6,32,21),
(NULL,7,32,23),
(NULL,8,32,5),
(NULL,1,33,29),
(NULL,2,33,28),
(NULL,3,33,16),
(NULL,4,33,5),
(NULL,5,33,15),
(NULL,6,33,17),
(NULL,7,33,23),
(NULL,8,33,4),
(NULL,9,33,5),
(NULL,10,33,14),
(NULL,1,34,1),
(NULL,2,34,5),
(NULL,3,34,7),
(NULL,4,34,13),
(NULL,5,34,15),
(NULL,6,34,2),
(NULL,7,34,27),
(NULL,8,34,16),
(NULL,9,34,20),
(NULL,10,34,8),
(NULL,1,35,16),
(NULL,2,35,16),
(NULL,3,35,23),
(NULL,4,35,8),
(NULL,5,35,20),
(NULL,6,35,6),
